train_subjects
2107638
5150328
3190461
3812101
2029723
1912810
4241194
2524687
15023
4562206
10076
7994085
3441455
1258069
7504392
1187766
2081754
2737106
1043241
1435954
10122
2620872
3486975
4072305
3941358
7129258
1679142
3473830
1623716
16020
1689948
10010
3993793
1312097
1934623
1340333
10107
1132854
10051
15041
9750701
15044
5193577
3845761
10003
1471736
10066
1438162
5164727
2640795
15036
2822304
1084283
10029
2306976
2529026
10099
2138826
10044
10011
9326955
16003
3269608
2950754
8432725
15001
4919979
1664335
3518345
4091983
3494778
2535204
9221927
5216908
9783279
6568351
1208795
16021
2310449
3349423
1771270
8409791
16061
10124
3262042
6477085
9907452
10045
16035
2074737
16060
4016887
7253183
16051
7093319
2299519
1696588
1000804
15022
3048588
3869075
4075719
2876903
1662160
16013
5575344
10068
10052
15049
3011311
2621228
3082137
1399863
2360428
7333005
2427434
10050
15024
3086074
10075
3983607
10006
9093997
2991307
15039
8263351
1511464
16022
15043
16045
16007
2054438
3611827
10110
2054998
3434578
1386056
1809715
9578663
3980079
3108222
16050
2071989
10117
10049
1548937
1561488
8838009
16067
1538046
3976121
15032
2919220
16004
8692452
2266806
16049
8278680
16085
3967265
5600820
1056121
15029
2054310
16028
16065
1992284
4601682
9499804
10095
2104012
2984158
2174595
16077
10007
16056
15037
16017
2735617
1875711
8064456
10070
15052
9887336
1842819
16064
10093
4187857
15003
5971050
1735881
15007
1791543
3999344
3449233
3446674
15058
15061
4020830
3803759
10021
2136051
15062
3457975
7011503
1411495
8628223
1692275
16041
3972956
10094
10024
16071
4285031
3856956
16075
2123983
4154182
3243657
4275075
4225073
1996183
10023
2296326
10114
15014
3672300
8697774
1879542
15045
16072
3691107
15055
1700637
2155356
3619797
2260910
16016
3212875
15054
16031
4334113
1686265
2426523
2897046
16078
10074
2268253
15030
4529116
2961243
10086
2498847
3433846
3560456
4362730
16010
16042
2920716
4256491
1411536
10087
16002
8915162
15034
4053388
16008
2996531
3679455
2618929
1794770
2538839
3051944
1686092
4116166
10100
3007585
1302449
3917422
1585708
3902469
3052540
15057
2106109
10113
3306863
10020
10026
2455205
8720244
15026
2377207
10004
10104
16066
2780647
3910672
3888614
5302451
3291029
1805037
3205761
2033178
15048
10022
4104523
7689953
1391181
1652369
16048
10002
1737393
3930512
2741068
3174224
2140063
3119327
10096
10053
1497055
2292940
16073
4055710
10035
15047
3712305
1208586
1094669
3713230
3515506
4383707
3610134
4060823
2371032
16054
16069
1860323
1108916
2930625
2107404
3358877
15015
2208591
15010
1536593
2601925
1084884
10028
6115230
1535233
16011
1647968
10019
3593327
15006
16014
16012
8218392
10001
3233028
3170319
4827048
2790141
10079
16058
3739175
2768273
16038
1628610
16037
2031422
3322144
15019
10033
10080
2367157
3858891
10118
3390312
2756846
2740232
8191384
1481430
2288903
16040
10125
1588809
2207418
3827352
3244985
2917777
10101
10088
16005
1567356
4164316
10120
8337695
1846346
2884672
2559537
1418396
4028266
10102
2671604
1779922
6500128
4239636
15025
2535087
15056
10077
10116
2081148
10126
15060
2714224
2641332
1875013
3672854
1177160
2730704
1023964
15027
16033
10041
1638334
15033
2232376
10069
1517240
2571197
16086
3004580
10078
10057
6592761
1117299
3248920
16083
10056
16019
6206397
10048
16057
2929195
1404738
4053836
2297413
15042
10017
7407032
10005
1873761
10034
10043
2230510
3212536
7135128
2559559
3286474
16076
9956994
1577042
10121
10025
15008
7339173
15050
3809753
2940712
15013
3385520
8834383
3194757
15035
16082
16009
16025
1411223
1884448
10059
2030383
2249443
1541812
3542588
5045355
15038
9002207
2352986
3848511
16023
1266183
15028
1125505
1341865
16062
2659769
2408774
1918630
6453038
8328877
2703289
10109
10108
10047
2124248
16055
16030
10063
1854959
15002
16039
4136226
10089
1502229
2703336
3652932
2947936
16006
10054
6953386
2014113
10097
15051
4046678
15040
1408093
10018
5993008
2415970
6187322
10036
16001
10015
16029
16044
val_subjects
10072
3655623
1359325
10085
1421489
10039
2983819
1139030
1916266
10082
1780174
10042
3277313
3160561
2026113
3562883
9890726
3466651
3684229
16046
2240562
10067
1743472
4219416
10064
10081
15020
10013
4073815
2344857
4084645
3601861
2578455
1562298
16018
2574674
3206978
15012
4221029
1643780
16080
3103809
3554582
10073
3224401
4103874
10123
2493190
3870624
9640133
1068505
3349205
3732101
15046
10129
3808273
8658218
1740607
1962503
2854839
3653737
1320247
10103
1018959
10060
3972472
1057962
15016
10090
1356553
5669389
2907383
3470141
1947991
10046
10065
10111
8991934
10058
16088
16036
3813783
3162671
8415034
16052
16015
3302025
2773205
7390867
1186237
1017176
2141250
3959823
10128
7415617
15017
16068
1159908
16047
10008
16070
2196753
4134561
9210521
10040
3310328
2427408
2697768
3677724
2232413
3587000
3899622
2959809
10112
8083695
test_subjects
10009
10012
10014
10030
10031
10032
10037
10038
10061
10062
10071
10083
10084
10091
10092
10106
10115
10119
1019436
1050345
1050975
1093743
1099481
1113498
1127915
1133221
1206380
1240299
1282248
1283494
1469171
1494102
15004
15005
15021
15031
15053
15059
1552181
1594156
16024
16026
16027
16032
16034
16043
16053
16059
16063
16074
16079
16081
16084
16087
16089
1843546
1875084
1988015
1995121
2018106
2228148
2276801
2409220
2419464
2497695
2554127
2558999
2561174
2570769
2572285
2601519
2682736
2821683
2833684
2845989
2903997
2907951
2910270
2950672
3048401
3154996
3157406
3163200
3235580
3239413
3304956
3308331
3519022
3561920
3566449
3624598
3650634
3662296
3699991
3707771
3884955
3889095
3912996
3994098
4006710
4048810
4079254
4095229
4095748
4154672
4265987
4475709
4921428
6346605
6383713
7446626
7774305
8009688
8387093
9578631
9922944
